NORMAL 1
20

SORT 2000
1128 34 1915 442 1895 1209 1015 1746 1514 798 1082 1164 1549 666 555 200 124 936 1481 1190 1098 1703 124 156 909 583 468 508 168 1055 516 42 433 404 1263 454 1699 200 1028 638 1116 730 1404 380 191 1554 1543 1791 297 1484 671 1761 712 634 820 75 1605 931 576 400 376 1521 334 1334 1618 1784 18 1903 549 1386 1520 498 1280 1719 211 68 471 369 791 1598 55 1833 489 380 1561 1620 1144 1396 1293 1071 1068 1252 93 761 1744 533 1788 1185 1405 187 501 587 1317 621 1005 1242 1213 528 19 1278 1704 189 1943

NORMAL 5
20 2 3 0 10

NORMAL 10
10 9 8 7 6 5 4 3 2 1

NORMAL 10
10 10 10 10 10 10 10 10 10 10

NORMAL 100
134 969 622 418 826 573 242 677 970 542 82 723 302 541 566 853 909 160 819 480 432 719 627 697 356 618 152 244 355 287 725 213 878 390 886 168 826 267 547 824 226 468 794 73 235 885 375 944 721 185 363 22 879 183 837 973 74 348 673 60 146 825 698 993 920 276 529 990 551 316 409 679 641 559 188 362 781 81 432 193 252 638 317 34 195 118 542 92 422 516 38 983 439 177 635 502 924 205 167 232

NORMAL 2000
46 112 58 41 95 60 190 40 40 33 115 45 42 125 139 64 169 161 132 101 95 140 18 35 37 186 159 129 14 58 170 42 13 184 160 149 195 129 98 37 104 84 158 131 12 98 196 48 25 168 189 114 53 23 18 89 31 20 82 140 170 197 69 73 163 125 197 8 83 157 103 9 169 35 19 82 146 175 23 103 32 5 36 64 136 105 89 140 89 116 113 74 164 79 195 55 171 97 81 31 53 28 37 197 27 140 56 193 2 26 43 57 190 47 100 142 186 132 170 104 29 80 50 169 182 19 146 166 51 172 23 53 199 170 162 121 99 157 118 85 94 42 89 30 2 18

NORMAL 1000
918 262 971 211 224 526 359 836 602 94 244 383 82 130 798 372 322 50 977 79 145 290 768 956 240 693 860 36 651 86 867 714 181 856 465 365 109 500 230 759 447 189 546 124 516 366 675 15 800 264 971 843 871 29 269 53 687 833 677 433 703 923 342 993 57 112 306 156 560 581 206 770 328 200 401 574 678 808 118 316 361 996 309 668 266 999 232 464 501 229 201 534 145 843 581 611 35 468 830 345 666 914 348 460 636 215 940 500 137 864 943 371 629 453 460 141 208 227 667 142 169 262 889 451 912 59 969 253

NORMAL 400
5 7 7 1 4 8 0 7 7 2 9 8 5 0 4 0 6 1 3 3 1 5 2 8 6 5 4 2 5 4 6 8 7 9 2 0 7 6 3 9 1 8 4 7 8 2 5 6 3 7 2 2 2 6 3 1 6 0 1 6 0 5 4 9 7 7 9 3 9 9 9 0 1 4 6 5 2 0 4 5 5 3 0 4 8 3 1 3 8 6 8 0 4 9 4 4 5 3 6 5 9 5 0 8 1 2 0 8 3 6 2 6 5 2 8 3 7 7 3 6 6 8 0 7 9 7 3 7 8 1 3 6 6 1 6 9 9 0 9 5 7 3 5 8 2 2 7 5 7 2 4 6 2 8 0 5 1 8 1 7 9 9 6 1 9 4 9 8 1 6 9 6 2 3 1 6 6 9 7 0 4 6 8 7 2 0 8 6 5 0 9 2 9 6 5 7 9 5 1 4 5 7 7 1 4 8 0 7 7 2 9 8 5 0 4 0 6 1 3 3 1 5 2 8 6 5 4 2 5 4 6 8 7 9 2 0 7 6 3 9 1 8 4 7 8 2 5 6 3 7

SORT 6
2 1 5 6 2 3